3,2
3,1
3,3
10,276
10,78
10,128
10,236
10,185
10,219
10,223
11,23
11,7
11,24
11,5
9,7
9,1
9,5
9,2
9,3
66,6
66,5
66,4
66,3
66,2
66,1
8,17
8,11
66,0
65,4
65,3
8,7
65,2
65,1
8,13
65,0
64,5
64,4
64,3
8,2
64,2
64,1
8,3
64,0
63,6
63,5
63,4
63,3
63,2
63,1
63,0
62,4
62,3
62,2
62,1
62,0
61,3
61,2
61,1
61,0
59,4
59,3
59,2
59,1
59,0
58,4
58,3
58,2
58,1
58,0
57,3
57,2
57,1
57,0
56,4
56,3
56,2
56,1
56,0
55,4
55,3
55,2
55,1
55,0
54,3
54,1
20,3
20,2
20,1
19,2
19,3
19,1
12,3
12,2
12,1
11,30
11,28
11,25
11,22
11,18
11,17
11,15
11,14
11,12
11,11
11,10
11,6
11,3
11,2
11,1
10,292
10,274
10,262
10,256
10,253
10,224
18,1
10,218
